logoutlocation:
  world: world
  x: -130.79863764478085
  y: 76.73168370484765
  z: 517.310143202306
  yaw: -184.04999
  pitch: 14.100032
timestamps:
  logout: 1558773808499
