lastAccountName: YuukiSkniro
timestamps:
  login: 1616934904273
  logout: 1616935017935
ipAddress: 127.0.0.1
logoutlocation:
  world: world
  x: 209.710847944851
  y: 95.87446881682408
  z: -698.4893305314199
  yaw: 222.58954
  pitch: 28.50002
