logoutlocation:
  world: world
  x: -732.0130737631306
  y: 68.0
  z: -3854.6208476200604
  yaw: 36.864986
  pitch: 8.550778
timestamps:
  logout: 1597891449868
  login: 1597891376963
  lastteleport: 1597729935606
afk: false
lastAccountName: YuukiSkniro
ipAddress: 127.0.0.1
lastlocation:
  world: world
  x: -0.7350705076553945
  y: 63.0
  z: 244.40876053724497
  yaw: -113.88608
  pitch: 31.011234
money: '400'
