lastAccountName: Blackhold_hd
timestamps:
  login: 1597729902741
  logout: 1597663024011
  lastteleport: 1597662083971
ipAddress: 118.81.21.136
lastlocation:
  world: world
  x: -738.0834420671887
  y: 68.0
  z: -3852.2397243145183
  yaw: 105.91223
  pitch: -29.589268
logoutlocation:
  world: world
  x: -739.545865803379
  y: 68.0
  z: -3845.613354372864
  yaw: -155.91193
  pitch: -3.568378
money: '300'
