lastAccountName: Blackhold_hd
timestamps:
  login: 1579441983050
  logout: 1579442286317
  lastteleport: 1577591386896
ipAddress: 183.184.153.10
lastlocation:
  world: world
  x: -493.21568390732534
  y: 14.0
  z: -477.35375635444956
  yaw: -108.29941
  pitch: -0.6000092
logoutlocation:
  world: world
  x: -433.9102903637533
  y: 70.0
  z: -512.4597947632218
  yaw: -208.04887
  pitch: -3.7500217
money: '100'
